[[ 1.47057363, -0.49796738]
,[ 1.56959363, -0.50661963]
,[ 1.76776344, -0.52213303]
,[ 2.06485778, -0.5480243 ]
,[ 2.36025845, -0.58986035]
,[ 2.56      , -0.59      ]
,[ 2.56      , -0.59      ]]

[[ 1.52759286, -0.50672956]
, [ 1.62152257, -0.51331087]
, [ 1.80917239, -0.52906874]
, [ 2.09084549, -0.55101652]
, [ 2.37081336, -0.59000295]
, [ 2.56      , -0.59      ]
, [ 2.56      , -0.59      ]
, [ 2.361196  , -0.57317728]
, [ 2.47189789, -0.58270745]]

[[ 1.52759286, -0.50672956]
, [ 1.58834784, -0.51098688]
, [ 1.70978506, -0.52058619]
, [ 1.89194939, -0.53489511]
, [ 2.0739336 , -0.55135859]
, [ 2.25611322, -0.56560518]
, [ 2.43692917, -0.58995607]
, [ 2.56      , -0.59      ]
, [ 2.56      , -0.59      ]]
[[ 1.56468851, -0.51020152]
, [ 1.60781802, -0.5137255 ]
, [ 1.69409302, -0.52074516]
, [ 1.82317936, -0.53376308]
, [ 1.99617008, -0.54375688]
, [ 2.16704731, -0.57180374]
, [ 2.34186804, -0.57021166]
, [ 2.4608566 , -0.58997476]
, [ 2.56      , -0.59      ]
, [ 2.56      , -0.59      ]]

[[ 1.58136382, -0.50708591]
, [ 1.6150207 , -0.50972035]
, [ 1.68234674, -0.51547457]
, [ 1.78252553, -0.53191558]
, [ 1.91956335, -0.51734301]
, [ 2.08588015, -0.55330768]
, [ 2.25386292, -0.56388625]
, [ 2.3894887 , -0.5745246 ]
, [ 2.48729722, -0.58968991]
, [ 2.56      , -0.59      ]
, [ 2.56      , -0.59      ]]
