t_inf: 10.7703296143




   ---------------------------------------------------------------------------
     START OF THE SEQUENTIAL LEAST SQUARES PROGRAMMING ALGORIT  
   ---------------------------------------------------------------------------

     PARAMETERS:
        ACC =   0.5000D-01
        MAXITER =100
        IPRINT =   0
IOUT =   6




     ITER =    1     OBJ =  0.15063697E+03
      0.1227E+02
      0.0000E+00
      0.0000E+00
      0.3307E-01
      0.2255E+00
      0.1108E+00
      0.5627E+00
      0.4500E+00
      0.8052E+00
      0.5722E+00
      0.1183E+01
      0.5940E+00
      0.1472E+01
      0.7059E+00
      0.1765E+01
      0.8235E+00
      0.2059E+01
      0.9412E+00
      0.2353E+01
      0.1004E+01
      0.2615E+01
      0.9769E+00
      0.2996E+01
      0.1201E+01
      0.3332E+01
      0.1429E+01
      0.3587E+01
      0.1587E+01
      0.3752E+01
      0.1871E+01
      0.4053E+01
      0.1893E+01
      0.4448E+01
      0.1967E+01
      0.4775E+01
      0.2000E+01
      0.5000E+01


     ITER =    2     OBJ =  0.15365997E+03
      0.1240E+02
      0.0000E+00
      0.0000E+00
      0.2516E-01
      0.2001E+00
      0.9205E-01
      0.5509E+00
      0.4822E+00
      0.7455E+00
      0.6257E+00
      0.1128E+01
      0.6003E+00
      0.1442E+01
      0.7028E+00
      0.1755E+01
      0.8250E+00
      0.2062E+01
      0.9234E+00
      0.2381E+01
      0.9649E+00
      0.2667E+01
      0.9260E+00
      0.3054E+01
      0.1141E+01
      0.3406E+01
      0.1445E+01
      0.3615E+01
      0.1625E+01
      0.3758E+01
      0.1909E+01
      0.4073E+01
      0.1913E+01
      0.4474E+01
      0.1975E+01
      0.4800E+01
      0.2000E+01
      0.5000E+01


     ITER =    3     OBJ =  0.15107277E+03
      0.1229E+02
      0.0000E+00
      0.0000E+00
      0.1992E-01
      0.1787E+00
      0.7724E-01
      0.5284E+00
      0.4594E+00
      0.7211E+00
      0.6352E+00
      0.1079E+01
      0.7314E+00
      0.1398E+01
      0.8685E+00
      0.1699E+01
      0.8577E+00
      0.2064E+01
      0.8946E+00
      0.2405E+01
      0.9303E+00
      0.2699E+01
      0.9315E+00
      0.3088E+01
      0.1175E+01
      0.3419E+01
      0.1497E+01
      0.3605E+01
      0.1683E+01
      0.3768E+01
      0.1938E+01
      0.4103E+01
      0.1928E+01
      0.4501E+01
      0.1980E+01
      0.4821E+01
      0.2000E+01
      0.5000E+01


     ITER =    4     OBJ =  0.15056285E+03
      0.1227E+02
      0.2776E-17
     -0.2776E-17
      0.1591E-01
      0.1608E+00
      0.6579E-01
      0.5126E+00
      0.4520E+00
      0.6958E+00
      0.6402E+00
      0.1050E+01
      0.7368E+00
      0.1375E+01
      0.8550E+00
      0.1692E+01
      0.8358E+00
      0.2060E+01
      0.8686E+00
      0.2408E+01
      0.9072E+00
      0.2712E+01
      0.9357E+00
      0.3101E+01
      0.1192E+01
      0.3423E+01
      0.1521E+01
      0.3603E+01
      0.1719E+01
      0.3778E+01
      0.1956E+01
      0.4125E+01
      0.1939E+01
      0.4522E+01
      0.1984E+01
      0.4839E+01
      0.2000E+01
      0.5000E+01


     ITER =    5     OBJ =  0.15007847E+03
      0.1225E+02
      0.2776E-17
     -0.2776E-17
      0.1271E-01
      0.1446E+00
      0.5617E-01
      0.4981E+00
      0.4461E+00
      0.6729E+00
      0.6437E+00
      0.1024E+01
      0.7319E+00
      0.1359E+01
      0.8375E+00
      0.1687E+01
      0.8134E+00
      0.2058E+01
      0.8456E+00
      0.2411E+01
      0.8867E+00
      0.2725E+01
      0.9400E+00
      0.3113E+01
      0.1207E+01
      0.3426E+01
      0.1541E+01
      0.3601E+01
      0.1748E+01
      0.3789E+01
      0.1970E+01
      0.4145E+01
      0.1949E+01
      0.4542E+01
      0.1987E+01
      0.4855E+01
      0.2000E+01
      0.5000E+01


     ITER =    6     OBJ =  0.14955915E+03
      0.1223E+02
      0.2776E-17
     -0.2776E-17
      0.1015E-01
      0.1300E+00
      0.4804E-01
      0.4844E+00
      0.4393E+00
      0.6536E+00
      0.6453E+00
      0.1001E+01
      0.7251E+00
      0.1346E+01
      0.7904E+00
      0.1687E+01
      0.7813E+00
      0.2058E+01
      0.8292E+00
      0.2415E+01
      0.8684E+00
      0.2737E+01
      0.9446E+00
      0.3124E+01
      0.1220E+01
      0.3427E+01
      0.1554E+01
      0.3606E+01
      0.1772E+01
      0.3802E+01
      0.1983E+01
      0.4164E+01
      0.1957E+01
      0.4560E+01
      0.1990E+01
      0.4870E+01
      0.2000E+01
      0.5000E+01


     ITER =    7     OBJ =  0.14905470E+03
      0.1221E+02
      0.2776E-17
     -0.2776E-17
      0.8105E-02
      0.1168E+00
      0.4111E-01
      0.4710E+00
      0.4292E+00
      0.6399E+00
      0.6461E+00
      0.9810E+00
      0.7182E+00
      0.1336E+01
      0.6857E+00
      0.1692E+01
      0.7575E+00
      0.2058E+01
      0.8181E+00
      0.2418E+01
      0.8576E+00
      0.2747E+01
      0.9489E+00
      0.3133E+01
      0.1228E+01
      0.3431E+01
      0.1565E+01
      0.3610E+01
      0.1792E+01
      0.3814E+01
      0.1993E+01
      0.4181E+01
      0.1963E+01
      0.4577E+01
      0.1992E+01
      0.4883E+01
      0.2000E+01
      0.5000E+01


     ITER =    8     OBJ =  0.14869636E+03
      0.1219E+02
      0.2776E-17
     -0.2776E-17
      0.6476E-02
      0.1051E+00
      0.3530E-01
      0.4592E+00
      0.4240E+00
      0.6260E+00
      0.6443E+00
      0.9665E+00
      0.7135E+00
      0.1327E+01
      0.6746E+00
      0.1687E+01
      0.7328E+00
      0.2059E+01
      0.8028E+00
      0.2420E+01
      0.8468E+00
      0.2757E+01
      0.9524E+00
      0.3140E+01
      0.1237E+01
      0.3433E+01
      0.1578E+01
      0.3609E+01
      0.1810E+01
      0.3824E+01
      0.2000E+01
      0.4196E+01
      0.1969E+01
      0.4592E+01
      0.1994E+01
      0.4895E+01
      0.2000E+01
      0.5000E+01


     ITER =    9     OBJ =  0.14837513E+03
      0.1218E+02
      0.2776E-17
     -0.2776E-17
      0.5174E-02
      0.9450E-01
      0.3038E-01
      0.4483E+00
      0.4192E+00
      0.6140E+00
      0.6421E+00
      0.9541E+00
      0.7085E+00
      0.1320E+01
      0.6617E+00
      0.1683E+01
      0.7106E+00
      0.2059E+01
      0.7891E+00
      0.2423E+01
      0.8372E+00
      0.2765E+01
      0.9556E+00
      0.3146E+01
      0.1245E+01
      0.3434E+01
      0.1589E+01
      0.3609E+01
      0.1825E+01
      0.3833E+01
      0.2005E+01
      0.4210E+01
      0.1973E+01
      0.4605E+01
      0.1995E+01
      0.4906E+01
      0.2000E+01
      0.5000E+01


     ITER =   10     OBJ =  0.14808965E+03
      0.1217E+02
      0.2776E-17
     -0.2776E-17
      0.4135E-02
      0.8499E-01
      0.2619E-01
      0.4384E+00
      0.4149E+00
      0.6035E+00
      0.6398E+00
      0.9436E+00
      0.7034E+00
      0.1314E+01
      0.6485E+00
      0.1680E+01
      0.6908E+00
      0.2060E+01
      0.7765E+00
      0.2425E+01
      0.8299E+00
      0.2773E+01
      0.9586E+00
      0.3151E+01
      0.1251E+01
      0.3436E+01
      0.1598E+01
      0.3610E+01
      0.1838E+01
      0.3842E+01
      0.2009E+01
      0.4222E+01
      0.1977E+01
      0.4617E+01
      0.1996E+01
      0.4915E+01
      0.2000E+01
      0.5000E+01


     ITER =   11     OBJ =  0.14783151E+03
      0.1216E+02
      0.2776E-17
     -0.2776E-17
      0.3305E-02
      0.7643E-01
      0.2263E-01
      0.4292E+00
      0.4108E+00
      0.5946E+00
      0.6373E+00
      0.9346E+00
      0.6992E+00
      0.1309E+01
      0.6363E+00
      0.1678E+01
      0.6733E+00
      0.2061E+01
      0.7653E+00
      0.2427E+01
      0.8221E+00
      0.2780E+01
      0.9611E+00
      0.3155E+01
      0.1257E+01
      0.3436E+01
      0.1605E+01
      0.3610E+01
      0.1849E+01
      0.3850E+01
      0.2012E+01
      0.4233E+01
      0.1980E+01
      0.4627E+01
      0.1997E+01
      0.4924E+01
      0.2000E+01
      0.5000E+01


     ITER =   12     OBJ =  0.14759997E+03
      0.1215E+02
      0.2776E-17
     -0.2776E-17
      0.2641E-02
      0.6874E-01
      0.1959E-01
      0.4208E+00
      0.4071E+00
      0.5868E+00
      0.6349E+00
      0.9268E+00
      0.6951E+00
      0.1305E+01
      0.6247E+00
      0.1676E+01
      0.6576E+00
      0.2062E+01
      0.7550E+00
      0.2429E+01
      0.8161E+00
      0.2786E+01
      0.9635E+00
      0.3159E+01
      0.1261E+01
      0.3437E+01
      0.1611E+01
      0.3611E+01
      0.1859E+01
      0.3858E+01
      0.2015E+01
      0.4243E+01
      0.1983E+01
      0.4637E+01
      0.1997E+01
      0.4931E+01
      0.2000E+01
      0.5000E+01


     ITER =   13     OBJ =  0.14738158E+03
      0.1214E+02
      0.2776E-17
     -0.2776E-17
      0.2111E-02
      0.6183E-01
      0.1699E-01
      0.4132E+00
      0.4037E+00
      0.5800E+00
      0.6326E+00
      0.9199E+00
      0.6912E+00
      0.1302E+01
      0.6147E+00
      0.1674E+01
      0.6436E+00
      0.2062E+01
      0.7455E+00
      0.2431E+01
      0.8115E+00
      0.2791E+01
      0.9656E+00
      0.3162E+01
      0.1265E+01
      0.3438E+01
      0.1616E+01
      0.3612E+01
      0.1867E+01
      0.3864E+01
      0.2017E+01
      0.4252E+01
      0.1985E+01
      0.4645E+01
      0.1998E+01
      0.4938E+01
      0.2000E+01
      0.5000E+01


     ITER =   14     OBJ =  0.14716702E+03
      0.1213E+02
      0.2776E-17
     -0.2776E-17
      0.1688E-02
      0.5561E-01
      0.1476E-01
      0.4062E+00
      0.4007E+00
      0.5739E+00
      0.6303E+00
      0.9139E+00
      0.6875E+00
      0.1299E+01
      0.6056E+00
      0.1673E+01
      0.6312E+00
      0.2063E+01
      0.7370E+00
      0.2433E+01
      0.8069E+00
      0.2795E+01
      0.9674E+00
      0.3164E+01
      0.1268E+01
      0.3439E+01
      0.1620E+01
      0.3614E+01
      0.1874E+01
      0.3871E+01
      0.2020E+01
      0.4260E+01
      0.1987E+01
      0.4654E+01
      0.1998E+01
      0.4944E+01
      0.2000E+01
      0.5000E+01


     ITER =   15     OBJ =  0.14693570E+03
      0.1212E+02
      0.2776E-17
     -0.2776E-17
      0.1349E-02
      0.5001E-01
      0.1284E-01
      0.3999E+00
      0.3979E+00
      0.5684E+00
      0.6282E+00
      0.9085E+00
      0.6842E+00
      0.1296E+01
      0.5975E+00
      0.1671E+01
      0.6201E+00
      0.2063E+01
      0.7289E+00
      0.2434E+01
      0.8042E+00
      0.2799E+01
      0.9690E+00
      0.3166E+01
      0.1269E+01
      0.3441E+01
      0.1622E+01
      0.3617E+01
      0.1879E+01
      0.3878E+01
      0.2022E+01
      0.4267E+01
      0.1989E+01
      0.4662E+01
      0.1999E+01
      0.4950E+01
      0.2000E+01
      0.5000E+01


     ITER =   16     OBJ =  0.14666093E+03
      0.1211E+02
      0.2776E-17
     -0.2776E-17
      0.1078E-02
      0.4497E-01
      0.1119E-01
      0.3940E+00
      0.3953E+00
      0.5635E+00
      0.6261E+00
      0.9035E+00
      0.6814E+00
      0.1293E+01
      0.5919E+00
      0.1670E+01
      0.6131E+00
      0.2063E+01
      0.7255E+00
      0.2434E+01
      0.8028E+00
      0.2801E+01
      0.9706E+00
      0.3168E+01
      0.1270E+01
      0.3443E+01
      0.1623E+01
      0.3620E+01
      0.1883E+01
      0.3884E+01
      0.2025E+01
      0.4274E+01
      0.1991E+01
      0.4669E+01
      0.1999E+01
      0.4955E+01
      0.2000E+01
      0.5000E+01


     ITER =   17     OBJ =  0.14629378E+03
      0.1210E+02
      0.2776E-17
     -0.2776E-17
      0.8609E-03
      0.4041E-01
      0.9758E-02
      0.3885E+00
      0.3928E+00
      0.5589E+00
      0.6239E+00
      0.8987E+00
      0.6791E+00
      0.1290E+01
      0.5894E+00
      0.1668E+01
      0.6106E+00
      0.2062E+01
      0.7261E+00
      0.2434E+01
      0.8031E+00
      0.2804E+01
      0.9722E+00
      0.3169E+01
      0.1270E+01
      0.3445E+01
      0.1620E+01
      0.3629E+01
      0.1885E+01
      0.3891E+01
      0.2029E+01
      0.4280E+01
      0.1992E+01
      0.4675E+01
      0.1999E+01
      0.4960E+01
      0.2000E+01
      0.5000E+01


     ITER =   18     OBJ =  0.14571640E+03
      0.1207E+02
      0.2776E-17
     -0.2776E-17
      0.6871E-03
      0.3630E-01
      0.8506E-02
      0.3828E+00
      0.3894E+00
      0.5551E+00
      0.6209E+00
      0.8939E+00
      0.6802E+00
      0.1285E+01
      0.6011E+00
      0.1665E+01
      0.6237E+00
      0.2060E+01
      0.7472E+00
      0.2430E+01
      0.8052E+00
      0.2806E+01
      0.9734E+00
      0.3174E+01
      0.1274E+01
      0.3445E+01
      0.1615E+01
      0.3641E+01
      0.1888E+01
      0.3897E+01
      0.2032E+01
      0.4287E+01
      0.1993E+01
      0.4681E+01
      0.1999E+01
      0.4964E+01
      0.2000E+01
      0.5000E+01


     ITER =   19     OBJ =  0.14522342E+03
      0.1205E+02
      0.2776E-17
     -0.2776E-17
      0.5485E-03
      0.3261E-01
      0.7440E-02
      0.3783E+00
      0.3886E+00
      0.5501E+00
      0.6181E+00
      0.8897E+00
      0.6790E+00
      0.1280E+01
      0.6116E+00
      0.1663E+01
      0.6335E+00
      0.2058E+01
      0.7602E+00
      0.2428E+01
      0.8099E+00
      0.2808E+01
      0.9749E+00
      0.3176E+01
      0.1273E+01
      0.3450E+01
      0.1606E+01
      0.3657E+01
      0.1890E+01
      0.3903E+01
      0.2036E+01
      0.4293E+01
      0.1994E+01
      0.4685E+01
      0.1999E+01
      0.4967E+01
      0.2000E+01
      0.5000E+01


     ITER =   20     OBJ =  0.14477435E+03
      0.1203E+02
      0.2776E-17
     -0.2776E-17
      0.4379E-03
      0.2930E-01
      0.6516E-02
      0.3742E+00
      0.3874E+00
      0.5459E+00
      0.6158E+00
      0.8861E+00
      0.6775E+00
      0.1276E+01
      0.6263E+00
      0.1662E+01
      0.6442E+00
      0.2056E+01
      0.7740E+00
      0.2426E+01
      0.8118E+00
      0.2809E+01
      0.9757E+00
      0.3179E+01
      0.1276E+01
      0.3449E+01
      0.1598E+01
      0.3671E+01
      0.1891E+01
      0.3908E+01
      0.2039E+01
      0.4298E+01
      0.1995E+01
      0.4689E+01
      0.2000E+01
      0.4971E+01
      0.2000E+01
      0.5000E+01


     ITER =   21     OBJ =  0.14439283E+03
      0.1202E+02
      0.0000E+00
      0.0000E+00
      0.3498E-03
      0.2633E-01
      0.5715E-02
      0.3706E+00
      0.3867E+00
      0.5420E+00
      0.6135E+00
      0.8829E+00
      0.6763E+00
      0.1273E+01
      0.6341E+00
      0.1660E+01
      0.6531E+00
      0.2054E+01
      0.7854E+00
      0.2425E+01
      0.8159E+00
      0.2810E+01
      0.9767E+00
      0.3182E+01
      0.1275E+01
      0.3453E+01
      0.1593E+01
      0.3680E+01
      0.1892E+01
      0.3913E+01
      0.2042E+01
      0.4303E+01
      0.1995E+01
      0.4693E+01
      0.2000E+01
      0.4974E+01
      0.2000E+01
      0.5000E+01


     ITER =   22     OBJ =  0.14406090E+03
      0.1200E+02
      0.0000E+00
      0.0000E+00
      0.2794E-03
      0.2367E-01
      0.5019E-02
      0.3673E+00
      0.3861E+00
      0.5385E+00
      0.6114E+00
      0.8801E+00
      0.6752E+00
      0.1270E+01
      0.6412E+00
      0.1658E+01
      0.6607E+00
      0.2052E+01
      0.7943E+00
      0.2424E+01
      0.8188E+00
      0.2811E+01
      0.9778E+00
      0.3184E+01
      0.1274E+01
      0.3456E+01
      0.1588E+01
      0.3689E+01
      0.1893E+01
      0.3918E+01
      0.2045E+01
      0.4307E+01
      0.1996E+01
      0.4697E+01
      0.2000E+01
      0.4976E+01
      0.2000E+01
      0.5000E+01


     ITER =   23     OBJ =  0.14374596E+03
      0.1199E+02
      0.0000E+00
      0.0000E+00
      0.2232E-03
      0.2127E-01
      0.4410E-02
      0.3641E+00
      0.3853E+00
      0.5357E+00
      0.6093E+00
      0.8777E+00
      0.6755E+00
      0.1267E+01
      0.6548E+00
      0.1657E+01
      0.6721E+00
      0.2051E+01
      0.8079E+00
      0.2422E+01
      0.8203E+00
      0.2812E+01
      0.9781E+00
      0.3186E+01
      0.1278E+01
      0.3454E+01
      0.1587E+01
      0.3693E+01
      0.1895E+01
      0.3922E+01
      0.2046E+01
      0.4311E+01
      0.1996E+01
      0.4700E+01
      0.2000E+01
      0.4979E+01
      0.2000E+01
      0.5000E+01


     ITER =   24     OBJ =  0.14344489E+03
      0.1198E+02
      0.0000E+00
      0.0000E+00
      0.1784E-03
      0.1912E-01
      0.3881E-02
      0.3615E+00
      0.3852E+00
      0.5326E+00
      0.6073E+00
      0.8754E+00
      0.6748E+00
      0.1265E+01
      0.6668E+00
      0.1655E+01
      0.6827E+00
      0.2049E+01
      0.8162E+00
      0.2422E+01
      0.8237E+00
      0.2813E+01
      0.9791E+00
      0.3188E+01
      0.1277E+01
      0.3458E+01
      0.1581E+01
      0.3703E+01
      0.1896E+01
      0.3925E+01
      0.2048E+01
      0.4314E+01
      0.1997E+01
      0.4702E+01
      0.2000E+01
      0.4981E+01
      0.2000E+01
      0.5000E+01


     ITER =   25     OBJ =  0.14321935E+03
      0.1197E+02
      0.0000E+00
      0.0000E+00
      0.1425E-03
      0.1720E-01
      0.3418E-02
      0.3590E+00
      0.3842E+00
      0.5305E+00
      0.6061E+00
      0.8735E+00
      0.6733E+00
      0.1263E+01
      0.6714E+00
      0.1653E+01
      0.6899E+00
      0.2047E+01
      0.8244E+00
      0.2421E+01
      0.8270E+00
      0.2813E+01
      0.9799E+00
      0.3189E+01
      0.1275E+01
      0.3461E+01
      0.1580E+01
      0.3705E+01
      0.1897E+01
      0.3928E+01
      0.2049E+01
      0.4317E+01
      0.1997E+01
      0.4705E+01
      0.2000E+01
      0.4983E+01
      0.2000E+01
      0.5000E+01


     ITER =   26     OBJ =  0.14298541E+03
      0.1196E+02
      0.1388E-17
     -0.1388E-17
      0.1139E-03
      0.1546E-01
      0.3014E-02
      0.3569E+00
      0.3843E+00
      0.5279E+00
      0.6044E+00
      0.8718E+00
      0.6730E+00
      0.1261E+01
      0.6840E+00
      0.1651E+01
      0.6992E+00
      0.2046E+01
      0.8294E+00
      0.2421E+01
      0.8296E+00
      0.2814E+01
      0.9809E+00
      0.3190E+01
      0.1273E+01
      0.3465E+01
      0.1576E+01
      0.3713E+01
      0.1897E+01
      0.3931E+01
      0.2051E+01
      0.4320E+01
      0.1998E+01
      0.4707E+01
      0.2000E+01
      0.4985E+01
      0.2000E+01
      0.5000E+01


     ITER =   27     OBJ =  0.14279470E+03
      0.1195E+02
      0.1388E-17
     -0.1388E-17
      0.9106E-04
      0.1391E-01
      0.2658E-02
      0.3548E+00
      0.3833E+00
      0.5263E+00
      0.6034E+00
      0.8703E+00
      0.6720E+00
      0.1259E+01
      0.6905E+00
      0.1650E+01
      0.7067E+00
      0.2044E+01
      0.8348E+00
      0.2420E+01
      0.8321E+00
      0.2814E+01
      0.9816E+00
      0.3191E+01
      0.1272E+01
      0.3468E+01
      0.1574E+01
      0.3717E+01
      0.1897E+01
      0.3934E+01
      0.2052E+01
      0.4323E+01
      0.1998E+01
      0.4709E+01
      0.2000E+01
      0.4986E+01
      0.2000E+01
      0.5000E+01


     ITER =   28     OBJ =  0.14262882E+03
      0.1194E+02
      0.1388E-17
     -0.1388E-17
      0.7280E-04
      0.1251E-01
      0.2346E-02
      0.3529E+00
      0.3828E+00
      0.5249E+00
      0.6021E+00
      0.8690E+00
      0.6722E+00
      0.1258E+01
      0.6952E+00
      0.1649E+01
      0.7130E+00
      0.2043E+01
      0.8390E+00
      0.2420E+01
      0.8344E+00
      0.2815E+01
      0.9823E+00
      0.3192E+01
      0.1271E+01
      0.3471E+01
      0.1574E+01
      0.3719E+01
      0.1898E+01
      0.3936E+01
      0.2053E+01
      0.4325E+01
      0.1998E+01
      0.4711E+01
      0.2000E+01
      0.4987E+01
      0.2000E+01
      0.5000E+01


     ITER =   29     OBJ =  0.14248242E+03
      0.1194E+02
      0.1388E-17
     -0.1388E-17
      0.5820E-04
      0.1125E-01
      0.2072E-02
      0.3512E+00
      0.3823E+00
      0.5235E+00
      0.6009E+00
      0.8678E+00
      0.6723E+00
      0.1256E+01
      0.6986E+00
      0.1648E+01
      0.7188E+00
      0.2042E+01
      0.8425E+00
      0.2420E+01
      0.8365E+00
      0.2815E+01
      0.9829E+00
      0.3193E+01
      0.1270E+01
      0.3473E+01
      0.1573E+01
      0.3721E+01
      0.1898E+01
      0.3938E+01
      0.2054E+01
      0.4327E+01
      0.1998E+01
      0.4712E+01
      0.2000E+01
      0.4989E+01
      0.2000E+01
      0.5000E+01


     ITER =   30     OBJ =  0.14234528E+03
      0.1193E+02
      0.1388E-17
     -0.1388E-17
      0.4653E-04
      0.1012E-01
      0.1830E-02
      0.3494E+00
      0.3811E+00
      0.5229E+00
      0.5997E+00
      0.8668E+00
      0.6736E+00
      0.1255E+01
      0.7039E+00
      0.1646E+01
      0.7245E+00
      0.2041E+01
      0.8450E+00
      0.2419E+01
      0.8385E+00
      0.2815E+01
      0.9833E+00
      0.3194E+01
      0.1269E+01
      0.3475E+01
      0.1573E+01
      0.3722E+01
      0.1899E+01
      0.3940E+01
      0.2054E+01
      0.4328E+01
      0.1999E+01
      0.4714E+01
      0.2000E+01
      0.4990E+01
      0.2000E+01
      0.5000E+01


     ITER =   31     OBJ =  0.14222665E+03
      0.1193E+02
      0.1388E-17
     -0.1388E-17
      0.3721E-04
      0.9104E-02
      0.1618E-02
      0.3480E+00
      0.3809E+00
      0.5217E+00
      0.5988E+00
      0.8658E+00
      0.6735E+00
      0.1254E+01
      0.7072E+00
      0.1645E+01
      0.7293E+00
      0.2040E+01
      0.8469E+00
      0.2419E+01
      0.8403E+00
      0.2815E+01
      0.9837E+00
      0.3195E+01
      0.1268E+01
      0.3477E+01
      0.1573E+01
      0.3723E+01
      0.1899E+01
      0.3941E+01
      0.2054E+01
      0.4330E+01
      0.1999E+01
      0.4715E+01
      0.2000E+01
      0.4991E+01
      0.2000E+01
      0.5000E+01


     ITER =   32     OBJ =  0.14211996E+03
      0.1192E+02
      0.1388E-17
     -0.1388E-17
      0.2975E-04
      0.8190E-02
      0.1430E-02
      0.3465E+00
      0.3793E+00
      0.5215E+00
      0.5981E+00
      0.8650E+00
      0.6741E+00
      0.1253E+01
      0.7101E+00
      0.1645E+01
      0.7337E+00
      0.2039E+01
      0.8485E+00
      0.2419E+01
      0.8419E+00
      0.2816E+01
      0.9841E+00
      0.3195E+01
      0.1267E+01
      0.3478E+01
      0.1573E+01
      0.3724E+01
      0.1900E+01
      0.3943E+01
      0.2055E+01
      0.4331E+01
      0.1999E+01
      0.4716E+01
      0.2000E+01
      0.4992E+01
      0.2000E+01
      0.5000E+01


     ITER =   33     OBJ =  0.14202458E+03
      0.1192E+02
      0.1388E-17
     -0.1388E-17
      0.2379E-04
      0.7368E-02
      0.1266E-02
      0.3455E+00
      0.3795E+00
      0.5203E+00
      0.5974E+00
      0.8642E+00
      0.6736E+00
      0.1252E+01
      0.7131E+00
      0.1644E+01
      0.7376E+00
      0.2038E+01
      0.8493E+00
      0.2419E+01
      0.8430E+00
      0.2816E+01
      0.9844E+00
      0.3196E+01
      0.1267E+01
      0.3480E+01
      0.1573E+01
      0.3724E+01
      0.1900E+01
      0.3944E+01
      0.2055E+01
      0.4333E+01
      0.1999E+01
      0.4717E+01
      0.2000E+01
      0.4993E+01
      0.2000E+01
      0.5000E+01


     ITER =   34     OBJ =  0.14193858E+03
      0.1191E+02
      0.1388E-17
     -0.1388E-17
      0.1903E-04
      0.6629E-02
      0.1120E-02
      0.3442E+00
      0.3778E+00
      0.5205E+00
      0.5968E+00
      0.8636E+00
      0.6747E+00
      0.1251E+01
      0.7155E+00
      0.1643E+01
      0.7411E+00
      0.2038E+01
      0.8499E+00
      0.2420E+01
      0.8440E+00
      0.2816E+01
      0.9847E+00
      0.3196E+01
      0.1267E+01
      0.3481E+01
      0.1574E+01
      0.3724E+01
      0.1901E+01
      0.3945E+01
      0.2055E+01
      0.4334E+01
      0.1999E+01
      0.4718E+01
      0.2000E+01
      0.4993E+01
      0.2000E+01
      0.5000E+01


     ITER =   35     OBJ =  0.14186214E+03
      0.1191E+02
      0.1388E-17
     -0.1388E-17
      0.1522E-04
      0.5965E-02
      0.9920E-03
      0.3432E+00
      0.3775E+00
      0.5198E+00
      0.5961E+00
      0.8630E+00
      0.6750E+00
      0.1251E+01
      0.7175E+00
      0.1642E+01
      0.7444E+00
      0.2037E+01
      0.8504E+00
      0.2420E+01
      0.8449E+00
      0.2816E+01
      0.9849E+00
      0.3196E+01
      0.1267E+01
      0.3481E+01
      0.1574E+01
      0.3724E+01
      0.1901E+01
      0.3946E+01
      0.2055E+01
      0.4335E+01
      0.1999E+01
      0.4719E+01
      0.2000E+01
      0.4994E+01
      0.2000E+01
      0.5000E+01


     ITER =   36     OBJ =  0.14179394E+03
      0.1191E+02
      0.1388E-17
     -0.1388E-17
      0.1217E-04
      0.5367E-02
      0.8786E-03
      0.3422E+00
      0.3765E+00
      0.5197E+00
      0.5957E+00
      0.8624E+00
      0.6751E+00
      0.1250E+01
      0.7189E+00
      0.1642E+01
      0.7471E+00
      0.2037E+01
      0.8508E+00
      0.2420E+01
      0.8456E+00
      0.2817E+01
      0.9851E+00
      0.3197E+01
      0.1266E+01
      0.3482E+01
      0.1574E+01
      0.3725E+01
      0.1901E+01
      0.3947E+01
      0.2055E+01
      0.4336E+01
      0.1999E+01
      0.4720E+01
      0.2000E+01
      0.4995E+01
      0.2000E+01
      0.5000E+01


     ITER =   37     OBJ =  0.14173257E+03
      0.1191E+02
      0.1735E-17
     -0.1735E-17
      0.9734E-05
      0.4829E-02
      0.7788E-03
      0.3415E+00
      0.3764E+00
      0.5191E+00
      0.5952E+00
      0.8619E+00
      0.6752E+00
      0.1250E+01
      0.7204E+00
      0.1641E+01
      0.7497E+00
      0.2036E+01
      0.8508E+00
      0.2420E+01
      0.8462E+00
      0.2817E+01
      0.9853E+00
      0.3197E+01
      0.1266E+01
      0.3483E+01
      0.1575E+01
      0.3724E+01
      0.1901E+01
      0.3948E+01
      0.2055E+01
      0.4336E+01
      0.1999E+01
      0.4721E+01
      0.2000E+01
      0.4995E+01
      0.2000E+01
      0.5000E+01


     ITER =   38     OBJ =  0.14167777E+03
      0.1190E+02
      0.1735E-17
     -0.1388E-17
      0.7786E-05
      0.4345E-02
      0.6903E-03
      0.3407E+00
      0.3757E+00
      0.5189E+00
      0.5949E+00
      0.8615E+00
      0.6751E+00
      0.1249E+01
      0.7213E+00
      0.1641E+01
      0.7519E+00
      0.2036E+01
      0.8510E+00
      0.2420E+01
      0.8468E+00
      0.2817E+01
      0.9855E+00
      0.3197E+01
      0.1266E+01
      0.3483E+01
      0.1575E+01
      0.3725E+01
      0.1902E+01
      0.3949E+01
      0.2055E+01
      0.4337E+01
      0.1999E+01
      0.4721E+01
      0.2000E+01
      0.4996E+01
      0.2000E+01
      0.5000E+01


     ITER =   39     OBJ =  0.14162838E+03
      0.1190E+02
      0.1388E-17
     -0.1388E-17
      0.6227E-05
      0.3910E-02
      0.6121E-03
      0.3401E+00
      0.3752E+00
      0.5186E+00
      0.5946E+00
      0.8611E+00
      0.6750E+00
      0.1249E+01
      0.7222E+00
      0.1641E+01
      0.7539E+00
      0.2035E+01
      0.8511E+00
      0.2420E+01
      0.8472E+00
      0.2817E+01
      0.9856E+00
      0.3198E+01
      0.1266E+01
      0.3483E+01
      0.1575E+01
      0.3724E+01
      0.1902E+01
      0.3949E+01
      0.2055E+01
      0.4338E+01
      0.1999E+01
      0.4722E+01
      0.2000E+01
      0.4996E+01
      0.2000E+01
      0.5000E+01


     ITER =   40     OBJ =  0.14158418E+03
      0.1190E+02
      0.1388E-17
     -0.1388E-17
      0.4981E-05
      0.3518E-02
      0.5429E-03
      0.3395E+00
      0.3748E+00
      0.5184E+00
      0.5944E+00
      0.8607E+00
      0.6748E+00
      0.1248E+01
      0.7228E+00
      0.1640E+01
      0.7556E+00
      0.2035E+01
      0.8512E+00
      0.2420E+01
      0.8475E+00
      0.2817E+01
      0.9857E+00
      0.3198E+01
      0.1266E+01
      0.3484E+01
      0.1576E+01
      0.3724E+01
      0.1902E+01
      0.3950E+01
      0.2055E+01
      0.4338E+01
      0.2000E+01
      0.4722E+01
      0.2000E+01
      0.4996E+01
      0.2000E+01
      0.5000E+01


     ITER =   41     OBJ =  0.14154434E+03
      0.1190E+02
      0.1388E-17
     -0.1388E-17
      0.3984E-05
      0.3166E-02
      0.4816E-03
      0.3390E+00
      0.3744E+00
      0.5182E+00
      0.5942E+00
      0.8604E+00
      0.6746E+00
      0.1248E+01
      0.7234E+00
      0.1640E+01
      0.7572E+00
      0.2035E+01
      0.8511E+00
      0.2420E+01
      0.8478E+00
      0.2818E+01
      0.9858E+00
      0.3198E+01
      0.1266E+01
      0.3484E+01
      0.1576E+01
      0.3724E+01
      0.1902E+01
      0.3951E+01
      0.2055E+01
      0.4339E+01
      0.2000E+01
      0.4723E+01
      0.2000E+01
      0.4997E+01
      0.2000E+01
      0.5000E+01


     ITER =   42     OBJ =  0.14150859E+03
      0.1190E+02
      0.1214E-17
     -0.1214E-17
      0.3187E-05
      0.2849E-02
      0.4273E-03
      0.3385E+00
      0.3739E+00
      0.5181E+00
      0.5941E+00
      0.8600E+00
      0.6742E+00
      0.1248E+01
      0.7238E+00
      0.1640E+01
      0.7585E+00
      0.2034E+01
      0.8511E+00
      0.2420E+01
      0.8481E+00
      0.2818E+01
      0.9859E+00
      0.3198E+01
      0.1266E+01
      0.3484E+01
      0.1576E+01
      0.3724E+01
      0.1903E+01
      0.3951E+01
      0.2055E+01
      0.4339E+01
      0.2000E+01
      0.4723E+01
      0.2000E+01
      0.4997E+01
      0.2000E+01
      0.5000E+01


     ITER =   43     OBJ =  0.14147618E+03
      0.1189E+02
      0.1041E-17
     -0.1041E-17
      0.2549E-05
      0.2564E-02
      0.3792E-03
      0.3381E+00
      0.3737E+00
      0.5178E+00
      0.5938E+00
      0.8598E+00
      0.6742E+00
      0.1248E+01
      0.7243E+00
      0.1640E+01
      0.7597E+00
      0.2034E+01
      0.8504E+00
      0.2420E+01
      0.8481E+00
      0.2818E+01
      0.9860E+00
      0.3198E+01
      0.1267E+01
      0.3484E+01
      0.1577E+01
      0.3723E+01
      0.1903E+01
      0.3952E+01
      0.2055E+01
      0.4340E+01
      0.2000E+01
      0.4724E+01
      0.2000E+01
      0.4997E+01
      0.2000E+01
      0.5000E+01


     ITER =   44     OBJ =  0.14144718E+03
      0.1189E+02
      0.8674E-18
     -0.8674E-18
      0.2039E-05
      0.2307E-02
      0.3366E-03
      0.3377E+00
      0.3732E+00
      0.5177E+00
      0.5938E+00
      0.8595E+00
      0.6738E+00
      0.1247E+01
      0.7245E+00
      0.1640E+01
      0.7610E+00
      0.2034E+01
      0.8502E+00
      0.2420E+01
      0.8483E+00
      0.2818E+01
      0.9861E+00
      0.3198E+01
      0.1267E+01
      0.3484E+01
      0.1578E+01
      0.3723E+01
      0.1903E+01
      0.3952E+01
      0.2055E+01
      0.4340E+01
      0.2000E+01
      0.4724E+01
      0.2000E+01
      0.4998E+01
      0.2000E+01
      0.5000E+01


     ITER =   45     OBJ =  0.14142127E+03
      0.1189E+02
      0.6939E-18
     -0.6939E-18
      0.1631E-05
      0.2076E-02
      0.2988E-03
      0.3374E+00
      0.3730E+00
      0.5175E+00
      0.5937E+00
      0.8593E+00
      0.6735E+00
      0.1247E+01
      0.7247E+00
      0.1639E+01
      0.7621E+00
      0.2034E+01
      0.8500E+00
      0.2420E+01
      0.8485E+00
      0.2818E+01
      0.9862E+00
      0.3198E+01
      0.1267E+01
      0.3484E+01
      0.1578E+01
      0.3723E+01
      0.1903E+01
      0.3952E+01
      0.2055E+01
      0.4340E+01
      0.2000E+01
      0.4725E+01
      0.2000E+01
      0.4998E+01
      0.2000E+01
      0.5000E+01


     ITER =   46     OBJ =  0.14139794E+03
      0.1189E+02
      0.6939E-18
     -0.6939E-18
      0.1305E-05
      0.1868E-02
      0.2653E-03
      0.3371E+00
      0.3726E+00
      0.5174E+00
      0.5936E+00
      0.8591E+00
      0.6732E+00
      0.1247E+01
      0.7248E+00
      0.1639E+01
      0.7631E+00
      0.2033E+01
      0.8499E+00
      0.2420E+01
      0.8486E+00
      0.2818E+01
      0.9862E+00
      0.3198E+01
      0.1267E+01
      0.3485E+01
      0.1578E+01
      0.3723E+01
      0.1903E+01
      0.3953E+01
      0.2055E+01
      0.4341E+01
      0.2000E+01
      0.4725E+01
      0.2000E+01
      0.4998E+01
      0.2000E+01
      0.5000E+01


     ITER =   47     OBJ =  0.14137696E+03
      0.1189E+02
      0.6939E-18
     -0.6939E-18
      0.1044E-05
      0.1681E-02
      0.2356E-03
      0.3368E+00
      0.3723E+00
      0.5174E+00
      0.5936E+00
      0.8589E+00
      0.6729E+00
      0.1247E+01
      0.7248E+00
      0.1639E+01
      0.7640E+00
      0.2033E+01
      0.8497E+00
      0.2420E+01
      0.8487E+00
      0.2818E+01
      0.9863E+00
      0.3199E+01
      0.1267E+01
      0.3485E+01
      0.1578E+01
      0.3722E+01
      0.1903E+01
      0.3953E+01
      0.2055E+01
      0.4341E+01
      0.2000E+01
      0.4725E+01
      0.2000E+01
      0.4998E+01
      0.2000E+01
      0.5000E+01
Optimization summary: Optimization terminated successfully., exit code 0
Elapsed time: 100.362521
Final t_fin: 11.889410685
Number of unsatisfied equations: 10
Number of unsatisfied inequations: 2
Mean and standard deviation of equations diff: (0.000691665095877,0.00838816409505)
Equations diff values: [6.9388939039072297e-19, -6.9388939039072297e-19, -0.00055195399982221893, -1.4011014570769476e-12, -3.5829117450703052e-12, -0.00055114510314346887, 0.0057270981183383113, -0.019553853692541128, 0.0057270614597244454, 0.016119444181198244]
Mean and standard deviation of inequations diff: (0.000270836405854,8.77271452204e-06)
Inequations diff values: [0.00026206369133208174, 0.00027960912037616747]
